GR	log10(LLD)	log10(MSFL)	DT	RHOB	NPHI	PEF	POR	Kg	ln(Kg)
7.86	2.0646	1.6133	63.19	2.5	0.1	8.48	12.5	15.802	2.76
7.82	2.0646	1.4921	62	2.52	0.11	9.7	12.7	11.415	2.435
7.75	2.102	1.6712	61.75	2.53	0.1	7.48	7.7	1.788	0.581
7.72	2.1478	1.6262	60.31	2.53	0.09	7.82	11.8	10.618	2.363
8.13	2.1537	1.7102	60.31	2.53	0.09	8.13	10.4	5.654	1.732
8.6	2.2119	1.8605	60.06	2.55	0.09	8.36	9.3	3.889	1.358
8.65	2.1607	1.7265	60	2.55	0.09	9.41	10.9	12.089	2.492
7.49	2.0309	1.802	59.13	2.56	0.09	7.85	9	6.431	1.861
13.04	1.8462	1.5853	60.38	2.54	0.1	10.13	10.6	6.694	1.901
13.49	1.8366	1.5839	60	2.54	0.09	9.88	10.1	6.866	1.927
16.06	1.8363	1.4246	61.13	2.54	0.1	8.26	9.9	7.443	2.007
32.22	2.5417	2.2307	54.38	2.7	0.01	7.51	1.9	0.084	-2.481
22.83	2.3974	1.9591	57.38	2.64	0.03	7.29	5.3	1.843	0.611
21.77	2.3065	2.5323	58.25	2.6	0.04	9.44	7.5	0.566	-0.57
23.34	2.2937	1.759	57.5	2.58	0.06	11.49	8	4.14	1.421
23.23	2.2263	1.8591	58.38	2.59	0.06	12.78	6	0.15	-1.899
26.92	2.4252	2.4685	56.38	2.65	0.02	9.87	2.6	0.099	-2.313
27.95	2.2472	1.9722	60.13	2.57	0.05	11.52	7	0.059	-2.827
41.63	2.1494	1.5678	58.75	2.53	0.09	10.26	13.1	0.923	-0.081
41.72	2.2777	1.776	57.13	2.58	0.07	11.97	10.5	0.78	-0.249
25.84	2.5448	2.3001	61.81	2.59	0.05	16.36	3.9	0.152	-1.884
21.67	2.5294	2.2291	54.25	2.67	0.03	9.6	1.4	0.033	-3.406
11.95	2.7176	2.2481	58.31	2.62	0.05	11.52	7.7	0.18	-1.713
13.2	2.5699	2.0031	51.06	2.67	0.02	9.09	5.5	0.1	-2.303
10.49	2.4142	2.4465	52.81	2.63	0.03	13.39	6.2	0.77	-0.261
5.6	2.3963	2.6394	53.31	2.64	0.03	12.02	5.8	0.428	-0.849
4.86	2.4323	2.1107	53.06	2.64	0.03	11.4	3.8	0.06	-2.813
5.23	2.5739	1.9513	55.63	2.62	0.04	10.66	3.8	0.079	-2.534
6	2.4962	1.8977	56.81	2.59	0.05	10.89	7.5	2.083	0.734
8.21	2.4282	1.7566	56	2.57	0.07	10.01	9.3	21.433	3.065
9.41	2.4437	1.6943	54.69	2.56	0.07	11.05	10	77.27	4.347
6.05	2.6059	1.9805	54.06	2.59	0.06	9.13	8	8.74	2.168
6.04	2.6234	1.991	53.63	2.6	0.04	8.97	6.8	8.06	2.087
8.88	2.5699	2.0477	53.81	2.64	0.04	8.44	6.4	19.242	2.957
12.99	2.5636	1.7018	53.75	2.67	0.03	9.73	5.4	2.032	0.709
8.57	2.5295	1.8222	51.5	2.58	0.05	10.52	9.7	63.325	4.148
7.07	2.0616	1.9857	54	2.66	0.04	9.34	5	0.193	-1.643
5.99	2.2819	2.0233	58.5	2.61	0.05	9.6	11.2	0.088	-2.433
7.11	2.2013	1.5214	65.25	2.54	0.08	9.29	12.1	278.907	5.631
5.23	1.7195	1.5581	60.44	2.55	0.12	9.94	9.8	128.133	4.853
4.48	1.6898	1.192	57.31	2.58	0.1	9.2	8.4	89.338	4.492
5.92	1.77	1.5544	56.25	2.61	0.08	10.16	3.4	0.559	-0.581
14.36	1.7563	1.3916	56.13	2.66	0.02	8.08	3.9	0.075	-2.592
17.25	1.6518	1.2443	57.69	2.64	0.06	7.5	5.7	0.258	-1.354
25.48	2.2278	2.6514	51.06	2.7	0.02	10	0.9	0.039	-3.251
21.7	1.9243	1.5908	55.06	2.63	0.03	11.81	2.5	0.126	-2.068
19.47	1.7879	1.3367	57.75	2.59	0.06	10.37	7	0.067	-2.702
17.09	1.7518	1.3179	58.5	2.59	0.07	8.48	8.4	0.118	-2.134
24.53	1.7373	1.5396	59.75	2.55	0.1	8.69	9.4	0.3	-1.205
27.64	1.8454	1.5228	59.19	2.56	0.09	7.93	9.2	0.454	-0.789
10.05	1.7718	1.8949	54.5	2.6	0.06	10.52	5	13.04	2.568
10.47	1.9027	1.8802	52.63	2.66	0.03	7.87	4.1	0.325	-1.125
11.98	1.8781	1.9227	52.63	2.66	0.04	8.56	3.9	0.177	-1.729
12.8	1.5701	1.4989	56.81	2.59	0.08	10.41	6.9	1.143	0.133
15.35	1.5189	1.3804	58.81	2.57	0.08	13.88	8.2	1.639	0.494
10.86	1.4273	1.4306	58.19	2.56	0.09	16.98	8.5	0.094	-2.367
11.51	1.4667	1.3247	58.06	2.57	0.09	13.27	8.7	1.872	0.627
12.3	1.624	1.5371	56.13	2.61	0.07	13.31	5.8	0.224	-1.498
24.45	1.7256	1.2263	53.13	2.62	0.03	8.96	11.8	9.524	2.254
26.63	1.8078	1.9228	54.25	2.63	0.04	8.65	2.4	0.014	-4.259
33.09	1.8205	2.0219	53	2.63	0.03	8.18	3.1	0.02	-3.912
30.67	1.9717	2.5404	51.31	2.69	0.02	8.23	2	0.024	-3.709
26.98	2.5339	3.2119	50.44	2.7	0.01	8.39	0.7	0.124	-2.09
46.19	2.2755	1.7791	51.19	2.68	0.01	8.21	2.2	0.028	-3.565
40.34	2.4069	2.5352	49.81	2.7	0.01	7.71	0.9	0.071	-2.639
17.56	1.8951	2.1107	54.81	2.69	0.03	9.03	3.9	0.237	-1.44
21.61	1.753	1.7919	55.25	2.67	0.03	9.05	4.3	0.605	-0.502
27	1.7381	1.7313	53.63	2.63	0.05	9.5	4.9	0.993	-0.007
12	2.0629	2.0804	50.06	2.64	0.02	10.23	5.6	0.825	-0.193
13.56	2.1121	2.954	49.31	2.65	0.02	8.84	4	0.969	-0.032
28.25	2.0027	2.4351	55.25	2.57	0.07	4.95	2.6	0.171	-1.763
19	2.1443	2.0625	59.63	2.56	0.09	4.97	8.9	1.368	0.313
19.27	2.0313	1.8355	62.19	2.52	0.12	4.79	9.8	1.962	0.674
20.56	1.9871	1.7633	61.75	2.5	0.12	5.04	11.8	6.253	1.833
19.56	2.0073	1.7724	60.69	2.54	0.11	5.16	10.5	4.861	1.581
29.78	2.0141	1.7834	60.69	2.5	0.09	4.52	13.2	2.013	0.7
31.45	2.1198	1.9819	56.94	2.51	0.07	5.04	12.4	7.533	2.019
27.59	2.0812	2.0186	58.5	2.57	0.12	4.96	8.3	6.438	1.862
26.16	1.9519	1.6712	58.56	2.47	0.06	4.71	14.6	15.085	2.714
28.34	2.1452	2.2351	54.38	2.54	0.03	5.07	8.7	0.865	-0.145
28.88	2.2461	2.1625	54.63	2.61	0.07	4.88	5.1	0.615	-0.486
28.88	1.9543	1.7384	59.44	2.53	0.07	5.08	13.3	4.372	1.475
30.33	2.1091	2.1509	55.63	2.58	0.04	5.19	7.3	1.904	0.644
44.44	2.2837	2.1676	53.75	2.61	0.04	5.04	3.7	2.194	0.786
43.97	2.3024	2.3085	54.31	2.65	0.08	4.91	4.8	0.869	-0.141
35.81	2.1911	2.236	57	2.57	0.1	4.61	6.7	2.375	0.865
35.84	2.1671	2.0515	57.19	2.55	0.11	4.7	9.1	2.391	0.872
43.28	2.3253	2.2346	55.63	2.61	0.06	5.14	2.5	1.255	0.227
45.03	2.46	2.5763	53.69	2.6	0.06	5.38	2.8	0.51	-0.674
48.03	2.3188	2.2362	56.25	2.6	0.06	5.02	5	1.723	0.544
52.63	2.3917	2.2899	54.69	2.58	0.05	5	3.3	1.598	0.469
54.44	2.4286	2.1224	54.44	2.58	0.04	5.11	2.8	0.445	-0.809
49.59	2.4179	2.6619	53.56	2.61	0.04	5.09	2.7	0.498	-0.696
35.22	2.1245	2.054	52.81	2.67	0.01	4.7	1.6	0.188	-1.671
34.47	2.3625	2.076	54.5	2.57	0.03	4.77	5.9	1.631	0.489
35.28	2.2297	2.0019	50.81	2.66	0.01	4.94	1.6	0.135	-2.003
33.75	2.2252	2.3239	50.75	2.68	0.01	5.13	1.2	0.099	-2.308
33.44	1.9104	2.3384	54.19	2.6	0.08	4.55	4.3	1.01	0.01
28.8	1.8932	2.0856	53.81	2.61	0.05	5.05	4.9	2.592	0.952
33.38	1.8889	2.0728	53.38	2.57	0.04	4.87	5.1	0.35	-1.05
30.42	1.9523	2.0641	52.13	2.62	0.02	5.29	3.2	0.154	-1.869
27.03	2.0621	2.3931	50.88	2.64	0.01	5.31	2.8	0.133	-2.02
21.97	1.6239	1.7816	59.56	2.55	0.08	4.97	8.8	2.676	0.984
22.56	1.573	1.746	59.44	2.52	0.07	4.8	9.6	0.513	-0.667
28.63	1.5876	1.7918	56.5	2.56	0.04	4.87	9.2	0.492	-0.709
38.31	1.6922	1.8835	54.38	2.59	0.02	5.18	6.2	0.355	-1.036
40.66	1.767	1.96	54	2.6	0.02	5.06	3.9	0.763	-0.27
32.41	1.798	2.1641	52.38	2.61	0.03	4.96	2.8	1.271	0.24
26.16	1.811	1.97	54.13	2.59	0.04	5.29	5.5	0.482	-0.73
25.81	1.775	2.0727	55.19	2.63	0.06	5.29	5.1	0.205	-1.585
22.81	1.979	2.35	52.94	2.62	0.03	5.07	4.1	1.45	0.372
23.06	2.0202	2.4801	53.38	2.63	0.04	5.04	4.2	1.213	0.193
17.97	1.9469	2.2514	54.19	2.62	0.05	4.83	5.9	1.22	0.199
18.45	1.8871	2.2267	53.75	2.61	0.05	4.71	6.2	4.362	1.473
16.78	2.0129	2.4952	52.13	2.64	0.03	5.15	4.1	1.094	0.09
18.45	2.1664	2.5817	51.5	2.66	0.02	5.25	3.1	1.102	0.098
20.09	2.1293	2.128	53	2.59	0.02	4.96	5.5	3.125	1.139
28.03	2.0858	2.0849	53.38	2.64	0.02	5.02	3	0.801	-0.222
26.94	2.0958	2.0413	55.13	2.68	0.02	5.06	4.5	1.48	0.392
17.64	2.1274	2.1074	53.69	2.64	0.02	5.08	5.2	8.284	2.114
11.2	2.4186	2.574	50.13	2.66	0.01	4.73	2.3	4.141	1.421
26.91	1.6013	1.7998	55.56	2.63	0.04	4.55	3.1	0.242	-1.417
25.33	1.8035	1.9856	51.38	2.61	0.02	4.96	4.3	0.53	-0.634
34.31	1.7083	1.927	54.5	2.58	0.05	4.59	5.6	1.032	0.032
35.25	1.5985	1.6024	54.06	2.57	0.05	4.9	7	2.045	0.716
29.63	1.653	2.0896	53	2.55	0.03	4.89	6.3	3.378	1.217
26.14	1.5426	1.9168	58.44	2.62	0.07	4.9	5.2	0.385	-0.954
26.5	1.3292	1.4898	61.44	2.55	0.12	4.72	9.5	2.96	1.085
27.84	1.2878	1.9431	61.38	2.45	0.13	4.71	12.7	3.876	1.355
27.59	1.3075	1.3454	61.31	2.55	0.11	4.86	10.6	1.258	0.23
28.3	1.351	1.6799	59.63	2.51	0.11	4.66	8.8	1.195	0.178
37.22	1.131	1.012	59.19	2.57	0.08	4	7	0.69	-0.371
38.06	1.7482	1.9429	54	2.64	0.04	5.24	2.3	1.62	0.483
35.66	1.6291	2.1536	53.81	2.62	0.03	5.18	3.7	13.53	2.605
31.17	1.6713	1.8816	53.31	2.64	0.03	5.09	8.7	18.174	2.9
31.78	1.8696	1.9627	51.88	2.62	0.02	4.97	5.1	7.839	2.059
33.72	2.0164	1.9393	50.13	2.64	0.01	4.93	4.8	6.194	1.824
38.78	2.1364	2.2282	51.5	2.68	0.01	5.11	3.5	5.261	1.66
43.16	1.9274	1.9522	53.06	2.67	0.01	5.22	1.2	0.363	-1.014
42.34	1.6528	2.2527	54.31	2.6	0.03	4.99	6.3	11.921	2.478
42.47	1.6132	1.3971	53.44	2.59	0.04	4.12	6.5	5.909	1.777
45.84	1.3899	1.4893	55.94	2.54	0.05	4.08	10.7	3.465	1.243
44.88	1.426	1.8948	55.63	2.6	0.06	5.02	4.5	0.478	-0.737
19.08	2.1847	1.5437	56	2.6	0.07	4.99	6.2	1.755	0.562
17.61	2.2404	1.7209	55.5	2.6	0.07	5	6.1	2.045	0.715
19.3	2.3768	1.574	54.25	2.63	0.06	5.33	5.2	1.342	0.294
17.45	2.2991	2.1123	56.5	2.6	0.08	5.05	8.3	0.343	-1.07
17.95	2.1254	1.439	58.38	2.59	0.1	4.63	5.9	0.112	-2.187
16.14	2.1801	1.3952	57.5	2.59	0.09	5.02	8.1	1.997	0.692
19.39	2.1603	1.5993	58.5	2.6	0.09	4.98	7.1	3.734	1.317
25.92	2.3106	1.9632	53.63	2.63	0.06	4.97	5.3	0.651	-0.429
30.5	2.3315	1.4103	52.88	2.68	0.05	5.57	1.1	0.131	-2.034
24.52	2.3123	1.7829	54.13	2.63	0.06	4.86	1.7	0.545	-0.607
22.89	2.1929	1.7511	54.88	2.6	0.09	5.1	7.1	8.614	2.153
23.39	2.259	2.2099	53	2.64	0.05	5.06	2.8	1.241	0.216
24.83	2.3484	1.6462	51.75	2.62	0.06	5	4.9	0.285	-1.257
36.72	2.465	2.0178	52.13	2.65	0.04	4.8	2.2	0.01	-4.605
36.38	2.4028	1.6556	53	2.65	0.06	4.99	7.4	1.255	0.227
32.03	2.4102	2.0555	51.88	2.64	0.07	5.31	6.1	0.604	-0.504
32.91	2.3701	1.8779	52	2.66	0.05	5.19	3.8	1.304	0.265
39.38	2.3127	1.7511	53.13	2.6	0.06	5.28	3.4	0.822	-0.196
43.66	2.5352	2.0886	50.38	2.63	0.04	5.14	3	0.47	-0.755
72.06	2.6459	2.3782	51.25	2.69	0.03	5.47	0.5	0.242	-1.417
53.34	2.4532	1.8751	53.13	2.64	0.05	5.12	4.4	41.229	3.719
84.88	3.1341	1.976	51	2.72	0.02	5.7	0.3	0.16	-1.833
27.17	2.1091	1.9095	51.38	2.58	0.08	5.17	5.1	0.972	-0.028
27.28	2.1382	1.7144	55.88	2.67	0.06	4.84	1.9	0.106	-2.246
27.05	1.9624	1.4291	60.88	2.6	0.1	4.77	5.1	0.024	-3.709
26.78	1.8732	1.3725	65.38	2.52	0.15	4.79	9.8	2.36	0.859
26.42	1.9165	1.0674	65.25	2.45	0.19	4.86	15.9	2.28	0.824
29.41	2.0361	1.2245	59.63	2.53	0.13	5.54	13.4	0.917	-0.087
21.2	2.1265	1.8129	58.25	2.6	0.1	4.93	5.1	0.04	-3.219
22.67	2.028	1.288	62.88	2.51	0.14	4.84	11.1	1.196	0.179
19.67	1.9625	1.1962	65.5	2.47	0.17	4.64	18.2	9.173	2.216
21.31	2.0718	1.5697	57.25	2.53	0.12	5.35	10.8	0.827	-0.19
20.66	2.2477	2.0078	52.75	2.65	0.05	4.99	3.1	1.897	0.64
19.63	2.2342	2.0102	52.88	2.66	0.05	4.85	3.7	0.755	-0.281
13.61	2.4624	2.2279	50.88	2.68	0.03	5.54	3	0.44	-0.82
14.54	2.6574	2.4499	50.38	2.7	0.02	5.55	0.6	0.162	-1.817
21.58	1.9595	1.0896	55.13	2.62	0.06	4.89	3.8	0.02	-3.912
14.54	1.8292	1.578	57.13	2.58	0.09	5.16	3.6	10.877	2.387
13.43	1.7619	1.4706	58.5	2.55	0.11	5.36	5.5	17.146	2.842
15.15	2.474	1.9549	52.25	2.66	0.05	5.28	3.2	14.533	2.676
17.25	2.4211	1.6724	52.38	2.65	0.06	5.08	2.9	12.759	2.546
19.3	2.4048	1.7033	52.25	2.64	0.07	5.17	2.1	0.675	-0.393
18.59	2.3757	1.7941	52.75	2.63	0.06	5.68	4.1	1.2	0.182
21.58	2.3832	1.5973	53.13	2.61	0.07	4.97	6.4	22.045	3.093
17.48	2.4186	1.9011	53	2.62	0.06	5.66	3.5	2.466	0.903
18.58	2.4481	1.8826	52.13	2.63	0.05	5.48	3.9	2.782	1.023
15.66	2.4108	1.7371	52	2.62	0.06	5.18	3.1	2.22	0.798
13.12	2.3128	1.5889	54.75	2.63	0.06	5.32	4.5	0.394	-0.931
12.59	2.2252	1.6435	55.5	2.61	0.06	5.21	5.9	3.622	1.287
14.64	2.1695	1.6057	57	2.55	0.08	5.18	6	4.015	1.39
12.73	2.1237	1.4464	56.63	2.58	0.09	5.34	7.7	5.552	1.714
14.49	2.0935	0.4843	54.88	2.58	0.08	5.82	3.5	0.179	-1.721
14.08	2.2	1.4669	53.13	2.6	0.07	5	3.7	6.693	1.901
16.75	2.3588	1.8388	51.5	2.66	0.04	5.31	4.3	3.219	1.169
21.27	2.384	1.9329	51.38	2.65	0.04	5.27	3.1	0.311	-1.168
21.88	2.4192	2.1896	51.5	2.63	0.05	4.98	3.2	0.099	-2.313
15.59	2.0106	2.2718	52.75	2.66	0.03	5.63	2.5	0.042	-3.16
12.24	1.9901	1.7514	52.88	2.65	0.04	5.42	4.2	0.699	-0.358
11.64	1.9863	1.84	51	2.67	0.05	5.82	3.3	1.1	0.095
13.09	2.1754	2.1214	50.75	2.67	0.03	5.73	3.1	0.432	-0.838
13.81	2.3618	2.3495	51.38	2.67	0.03	5.51	2.2	0.223	-1.502
15.32	2.2295	2.1271	50.88	2.67	0.03	5.53	3.3	0.069	-2.67
14.32	2.3785	2.4931	49.5	2.69	0.02	5.45	3.2	0.363	-1.012
13.64	2.4153	2.4807	50.25	2.69	0.02	5.25	1.1	0.465	-0.765
38.52	2.1337	2.54	52.5	2.62	0.02	5.8	5.66	2.314	0.839
29.49	2.0389	2.0656	45.56	2.64	0.02	5.13	7.85	2.992	1.096
24.59	2.0706	1.5421	56	2.6	0.04	5.13	8.01	1.676	0.517
21.57	2.004	1.6024	64.6	2.58	0.06	5.33	8.22	0.857	-0.155
22.52	2.0708	1.9004	55.9	2.58	0.05	4.69	8.46	1.337	0.29
18.76	1.8581	1.7976	61.4	2.5	0.09	5.11	13.32	4.188	1.432
17.09	1.8498	1.2858	60.6	2.53	0.07	5.06	9.62	2.241	0.807
26.78	2.0067	1.965	57.2	2.58	0.04	4.91	7.27	0.46	-0.777
27.59	2.0178	2.1534	56.1	2.57	0.04	5.01	9.68	1.051	0.049
24.36	1.877	1.8369	56.6	2.58	0.05	5.02	7.75	0.26	-1.347
21.03	1.8641	1.6391	56.5	2.6	0.05	4.6	10.09	2.007	0.697
23.08	1.8101	1.8928	55.4	2.61	0.05	4.77	7.61	0.408	-0.896
21.8	1.7991	2.0771	56.1	2.59	0.06	5.09	6.28	0.737	-0.306
22.52	1.9085	2.0841	56.2	2.62	0.05	5.5	6.02	0.906	-0.099
21.38	1.8755	1.9777	55	2.57	0.05	5.06	9.7	4.035	1.395
22.63	1.8582	1.4738	54.6	2.58	0.04	4.88	3.66	0.902	-0.104
28.86	1.9407	1.8959	53.3	2.59	0.03	5.33	4.99	0.25	-1.385
28.37	1.85	1.4267	55.3	2.56	0.04	5.17	9.8	2.44	0.892
23.49	1.7892	1.3241	57	2.58	0.06	4.98	7.32	0.477	-0.739
21.58	1.7545	1.4263	56.7	2.58	0.06	5.48	4.5	0.115	-2.164
20.42	1.8686	1.4411	55.02	2.57	0.03	5.93	5.91	0.304	-1.191
44.44	1.9508	2.0562	53.83	2.63	0.02	4.82	4.29	0.436	-0.829
48.18	1.8988	2.1882	55.12	2.61	0.03	4.85	5.55	0.198	-1.621
39.48	1.9104	1.9181	54.4	2.61	0.02	4.75	6.06	0.415	-0.88
26.51	1.9136	2.2371	53.5	2.66	0.01	4.82	2.9	0.275	-1.289
27.5	2.2091	2.0309	50.6	2.7	0.01	5.82	1.82	0.291	-1.235
22.81	2.2117	2.5165	53.2	2.67	0.02	5.65	4.75	0.345	-1.065
42.1	1.8611	1.1937	55.3	2.31	0.11	3.49	6.74	15.177	2.72
50.38	1.8501	1.7547	56.49	2.34	0.1	3.94	9.95	31.198	3.44
32.91	2.0991	1.6416	56.97	2.61	0.04	5.34	5.9	1.027	0.027
35.22	2.0299	1.6979	56.7	2.6	0.04	5.03	7.37	2.219	0.797
37.69	2.0776	2.1148	55.3	2.6	0.04	5.27	6.09	0.72	-0.329
17.88	2.0568	2.0528	54.7	2.61	0.04	5.39	4.45	0.926	-0.077
23.87	2.0138	1.759	56.7	2.58	0.06	5.15	6.04	7.905	2.067
34.06	1.8778	1.6494	57.9	2.53	0.06	4.94	10.83	17.171	2.843
31.34	1.9983	2.0801	54.27	2.61	0.04	5.65	6.4	1.624	0.485
33.18	1.9553	1.9168	54.2	2.6	0.03	5.67	6.39	5.376	1.682
32.4	1.9751	1.9138	54	2.62	0.02	4.99	5.22	10.612	2.362
32.7	2.0148	2.1783	53.6	2.64	0.02	5.68	4.28	6.597	1.887
34.06	2.0843	1.9388	53.18	2.63	0.02	5.3	5.88	1.184	0.169
31.09	2.1853	1.9829	52.07	2.66	0.02	5.12	3.43	0.457	-0.783
26.25	2.2368	2.0239	52.27	2.66	0.01	5.05	2.38	0.716	-0.333
21.95	2.2823	2.1886	51.8	2.66	0.01	5.47	2.89	2.158	0.769
27.77	2.1009	1.7399	56.6	2.6	0.04	5.13	6.24	0.389	-0.945
33.41	2.0996	1.5649	56.57	2.59	0.05	4.86	4.7	0.329	-1.112
18.73	2.0312	2.0906	52.8	2.64	0.03	5.01	5.59	1.438	0.364
18.73	2.0513	2.2999	52.9	2.63	0.04	5.39	5.81	1.053	0.052
13.28	1.9742	2.5941	55.6	2.59	0.05	4.89	6.26	1.025	0.024
12.62	1.6849	1.994	53.5	2.65	0.03	5.01	3.05	1.012	0.012
13.39	1.7166	1.9	55.2	2.62	0.03	4.49	7.6	1.786	0.58
11.65	1.8156	2.2636	54.3	2.62	0.04	4.69	6.44	9.798	2.282
12.56	1.8065	2.0304	53.76	2.62	0.04	5.43	7.07	13.03	2.567
12.49	1.7617	1.7477	53.4	2.63	0.02	5.4	5.46	17.503	2.862
14.86	0.8802	0.6618	69.5	2.44	0.18	4.33	15.3	6.66	1.896
14.71	0.8716	0.8549	71.5	2.4	0.2	4.57	19.69	56.72	4.038
22.6	0.9841	0.9263	67.03	2.45	0.17	4.71	15.99	5.3	1.668
20.17	0.9708	0.9624	65.57	2.44	0.15	4.37	17	21.18	3.053
20.58	0.9566	0.8267	67.59	2.43	0.16	4.31	17.18	10.375	2.339
23.87	0.9269	0.721	69.79	2.39	0.19	4.45	17.19	5.724	1.745
18.89	0.9405	0.8716	69.42	2.41	0.17	4.66	18.71	10.897	2.388
30.89	1.0438	0.7731	57.71	2.5	0.08	4.43	10.61	7.135	1.965
24.68	1.2258	1.9614	54.13	2.57	0.05	5.34	7.55	0.407	-0.899
24.11	1.2797	0.837	52.5	2.63	0.03	5.13	4.79	0.776	-0.253
29.32	1.4007	1.3028	55.4	2.6	0.02	4.37	4.72	0.251	-1.382
43.91	1.78	2.1194	53.5	2.62	0.02	4.96	5.8	4.308	1.46
40.64	1.6949	2.281	55.6	2.59	0.04	4.98	4.98	5.491	1.703
29.93	1.7013	1.5886	55.1	2.59	0.03	5.16	6.26	0.505	-0.683
33.25	1.6349	1.5997	56.2	2.62	0.04	4.2	3.76	0.15	-1.899
32.34	1.656	1.9623	55.7	2.63	0.03	3.94	3.73	1.241	0.216
28.02	1.6514	1.8865	55.3	2.61	0.03	3.8	3.34	0.49	-0.713
28.55	1.6102	2.1921	55.7	2.62	0.04	3.98	3.94	1.089	0.086
25.92	1.5781	1.68	56.33	2.61	0.03	4.13	2.71	0.3	-1.205
25.45	1.6272	1.6611	55.9	2.62	0.03	3.93	5.16	0.197	-1.622
22	1.7926	1.942	53.52	2.65	0.02	4.2	4.58	2.027	0.707
20.69	1.9614	1.9601	52.71	2.67	0.01	4.78	2.69	0.284	-1.26
23.61	2.008	2.4491	51.6	2.68	0.01	5.08	2.58	0.363	-1.012
25.77	1.978	1.9634	52	2.68	0.01	4.65	4.55	0.311	-1.167
26.27	1.8624	1.8949	53.8	2.65	0.02	4.11	4.63	0.27	-1.31
48.95	1.4728	1.897	58.5	2.61	0.06	3.68	6.45	0.12	-2.124
33.52	1.769	1.6968	56.66	2.67	0.08	5.14	5.05	0.25	-1.387
17.38	2.1665	1.9103	53.78	2.63	0.09	5.27	10.52	0.959	-0.042
13.59	1.8528	2.8549	58.88	2.55	0.13	4.93	12.75	3.588	1.278
12.31	1.7659	1.7065	62.64	2.49	0.15	4.89	12.66	2.795	1.028
12.25	1.8269	1.4967	62.16	2.52	0.13	4.86	9.37	1.383	0.324
14.89	1.8592	1.3709	61.15	2.53	0.12	4.93	10.06	1.73	0.548
23.06	2.0611	2.0397	55.03	2.62	0.05	5.71	7.97	0.659	-0.417
27.68	2.0025	1.6177	55.42	2.61	0.05	5.35	6	4.382	1.478
19.81	2.0136	2.1004	52.25	2.66	0.04	5.46	9.1	0.24	-1.427
17.82	2.0574	2.27	50.31	2.68	0.02	5.77	1.84	0.035	-3.363
19.83	2.1114	2.2338	50.34	2.68	0.02	5.17	1.42	0.11	-2.211
24.15	1.8319	2.0107	59.29	2.55	0.11	5.32	1.64	5.907	1.776
29.09	1.5494	1.4971	64.56	2.41	0.17	5.32	23.98	39.721	3.682
19.18	1.7054	1.4639	59.33	2.49	0.11	5.17	11.96	10.016	2.304
14.66	2.0134	1.7824	54.47	2.59	0.06	5.21	8.51	0.829	-0.187
15	2.298	2.1458	51.84	2.66	0.03	5.53	2.98	0.014	-4.259
16.62	2.3957	2.2762	50.14	2.68	0.02	5.21	1.14	0.194	-1.638
17.41	2.2056	2.4093	51.3	2.67	0.03	5.32	3.56	0.046	-3.083
19.4	2.0974	2.0946	51.8	2.66	0.04	5.39	4.27	1.848	0.614
18.41	2.1529	2.1015	50.5	2.65	0.03	5.23	2.23	0.052	-2.957
17.23	2.1795	2.0658	49.96	2.67	0.03	4.93	0.98	0.055	-2.905
18.23	2.1302	2.2087	50.86	2.66	0.03	4.72	0.96	0.065	-2.736
21.35	2.0038	2.1191	54.28	2.59	0.07	4.73	6.45	0.045	-3.107
24.02	1.7426	1.9862	59.11	2.51	0.12	4.56	11.33	1.339	0.292
19.37	1.4822	1.1942	62.16	2.45	0.16	4.7	13.53	5.916	1.778
17.04	1.3766	1.1458	61.58	2.48	0.14	4.8	12	1.924	0.654
15.99	1.4191	1.3664	59.09	2.51	0.12	5.15	10.63	0.547	-0.604
14.04	1.5441	1.4619	58.06	2.55	0.1	5.11	9.64	4.074	1.405
11.58	1.5587	1.5866	59.84	2.51	0.12	4.79	10.68	5.416	1.689
11.15	1.4333	1.2209	61.88	2.47	0.14	4.71	11.87	3.024	1.107
11.33	1.303	1.4326	63.14	2.47	0.15	4.67	14.72	4.289	1.456
10.85	1.2068	1.1232	63.7	2.48	0.16	5.13	15.64	5.179	1.645
10.94	1.2345	1.2206	63.48	2.48	0.15	4.95	12.86	2.012	0.699
10.05	1.34	1.1649	62.06	2.48	0.12	5.26	12.51	2.984	1.093
11.99	1.4624	1.372	59.91	2.52	0.11	5	9.91	3.423	1.231
14.74	1.471	1.4747	59.58	2.52	0.12	4.83	10.98	0.895	-0.111
14.87	1.4404	1.3844	59.39	2.53	0.11	5.11	11.66	1.513	0.414
14.46	1.4532	1.5185	59.5	2.54	0.11	5.1	10.84	1.219	0.198
14.03	1.4379	1.2728	61.14	2.5	0.13	5.07	11.06	0.528	-0.639
15.2	1.4131	1.1526	63.06	2.46	0.15	4.99	14.71	1.925	0.655
15.25	1.5087	1.1219	63.34	2.47	0.16	4.72	14.78	2.325	0.844
14.78	1.6023	1.404	62.14	2.49	0.14	4.86	9.21	0.778	-0.251
15.11	1.6967	1.3782	59.55	2.51	0.12	4.78	13.11	1.662	0.508
15.63	1.7197	1.4784	58.23	2.52	0.1	4.66	15.27	4.451	1.493
14.32	1.81	1.7263	57	2.54	0.08	4.83	11.92	8.148	2.098
14.69	1.8532	1.5552	54.89	2.56	0.07	5	5.56	0.408	-0.896
16.52	1.7213	1.7712	55.86	2.56	0.09	4.99	10.09	0.771	-0.26
14.75	1.6355	1.4745	61.13	2.46	0.13	4.8	17.28	6.335	1.846
12.81	1.586	1.2617	65.59	2.43	0.17	4.86	17.03	14.085	2.645
10.82	1.5945	1.0906	67.77	2.43	0.19	4.8	16.41	10.438	2.345
10.68	1.6232	1.2193	67.83	2.4	0.18	4.77	17.6	14.81	2.695
11.4	1.6523	1.3442	67.64	2.43	0.17	4.41	17.32	17.96	2.888
10.4	1.6631	1.2938	66.4	2.46	0.16	4.45	12.24	4.303	1.459
10.72	1.6472	1.4186	64.1	2.46	0.15	4.62	10.82	3.3	1.194
9.26	1.6479	1.5454	62.62	2.46	0.13	4.58	16.92	22.563	3.116
8.97	1.7023	1.3909	60.23	2.49	0.12	4.81	10.43	7.114	1.962
10.81	1.7233	1.7597	60.52	2.46	0.14	4.85	13.2	7.074	1.956
10.8	1.6439	1.7851	61.57	2.47	0.14	4.79	9.73	9.156	2.214
9.75	1.7413	1.6445	58.53	2.55	0.11	4.68	11.95	13.693	2.617
9.7	1.733	1.6327	59.58	2.54	0.11	4.55	8.49	0.384	-0.958
27.86	1.916	1.9278	54.58	2.63	0.04	4.99	4.67	0.536	-0.624
31.75	1.9051	1.6391	55.11	2.62	0.06	4.95	6.09	0.265	-1.327
35.54	1.864	1.7092	54.78	2.6	0.07	4.72	3.93	0.095	-2.355
36.59	1.8458	1.5491	55.03	2.64	0.07	4.95	6.22	0.505	-0.683
40.83	1.8218	1.5348	56.02	2.63	0.07	5.18	4.08	0.302	-1.197
46.15	1.6787	1.3118	58.33	2.58	0.09	5.16	6.11	9.898	2.292
42.93	1.6651	1.1035	57.86	2.57	0.08	5.44	11.23	2.456	0.899
40.19	1.7637	1.7199	54.64	2.62	0.06	5.24	8.21	1.349	0.3
35.89	1.9245	1.849	52.91	2.66	0.04	5.1	2.96	0.349	-1.051
32.84	1.9449	2.3834	53.12	2.63	0.04	4.79	3.07	0.158	-1.844
32.18	1.9055	2.4479	53.54	2.61	0.03	4.63	4.22	0.127	-2.061
40.53	1.8594	2.0075	53.35	2.62	0.04	4.42	4.74	0.065	-2.736
46.88	1.9471	1.5144	52.72	2.66	0.06	4.83	4.1	0.118	-2.134
45.55	1.9152	2.4973	53.11	2.64	0.05	4.63	4.64	0.195	-1.635
36.04	2.0781	2.5958	51.89	2.65	0.05	5.02	2.93	0.912	-0.092
23.48	1.9956	1.5136	53.72	2.63	0.07	5.69	1.62	1.058	0.056
28.52	2.2632	1.9549	52.16	2.63	0.05	6.14	3.66	1.121	0.115
31.86	2.3799	2.255	50.03	2.65	0.02	5.81	1.85	0.282	-1.264
29.1	2.4769	2.1945	49.79	2.69	0.01	5.7	1.46	0.25	-1.386
44.3	1.9031	1.7025	52.55	2.66	0.04	5.46	4.09	0.057	-2.857
38.01	2.0181	1.7681	52.17	2.64	0.03	4.47	5.54	1.509	0.412
43.5	1.8968	1.6432	52.96	2.62	0.04	3.98	3.51	0.614	-0.487
23.99	2.1532	2.3013	50.81	2.66	0.03	5.64	2.31	0.3	-1.203
26.09	1.7811	2.1761	53.27	2.64	0.06	5.43	9.01	0.668	-0.403
20.37	1.3251	1.6404	55.88	2.6	0.09	4.48	5.5	0.247	-1.4
18.23	1.3516	1.4077	56.95	2.59	0.09	4.22	8.52	0.555	-0.589
19.21	1.4973	1.8639	55.72	2.61	0.08	4.57	7.49	0.17	-1.774
24.43	1.4776	2.1072	54	2.63	0.05	4.65	1.88	0.035	-3.363
25.94	1.4201	1.942	54.15	2.64	0.05	4.42	8.9	0.303	-1.194
27	1.5541	1.4741	55.06	2.63	0.06	4.36	2.41	0.035	-3.363
28.84	1.7545	2.089	53.53	2.65	0.05	4.74	3.29	0.285	-1.255
33.26	1.6265	1.8694	52.2	2.65	0.05	4.35	3.41	0.096	-2.339
35.16	1.5209	1.4479	53.17	2.65	0.05	4.27	1.15	0.02	-3.912
37.39	1.6593	1.7853	53.11	2.68	0.05	5.59	2.24	0.08	-2.526
36.58	2.0557	1.9565	52	2.65	0.04	5.26	6.27	0.369	-0.996
36.77	2.2819	2.2109	50.77	2.67	0.02	5.05	0.43	0.073	-2.611
50.1	2.6233	2.308	49.56	2.7	0.02	4.6	0.58	0.049	-3.016
48.06	2.0343	2.3761	50.98	2.66	0.03	4.32	4.33	0.046	-3.083
29.88	1.9783	2.143	53.06	2.63	0.06	5.75	7.34	0.191	-1.655
32.37	1.5867	1.9829	55.94	2.58	0.09	5.21	8.35	0.442	-0.817
33.73	1.3809	1.8315	56.48	2.57	0.1	4.77	5.49	0.236	-1.446
35.35	1.3981	1.7976	56.35	2.59	0.09	4.9	4.83	0.787	-0.24
32.93	1.3562	1.7818	57.06	2.59	0.09	5.01	3.95	0.094	-2.367
32.44	1.1075	1.5397	59.19	2.52	0.14	5.1	12.13	1.194	0.178
34.92	0.9489	1.4349	62.08	2.46	0.17	5.13	14.46	2.8	1.029
33.42	0.871	1.3836	65.36	2.43	0.18	4.9	13.45	0.939	-0.063
30.8	0.8681	0.9818	64.81	2.44	0.18	4.85	11.4	0.7	-0.357
34.21	0.9777	1.2776	61.72	2.51	0.15	4.63	9.31	0.485	-0.724
32	1.273	1.6696	59.22	2.54	0.12	4.87	11	1.38	0.322
25.95	1.4373	1.6152	57.36	2.56	0.1	5.1	4.47	0.083	-2.488
25.41	1.5459	1.5378	55.55	2.6	0.08	5.29	5.91	0.153	-1.878
26.9	1.6008	1.7334	55.27	2.6	0.08	5.14	4.83	0.14	-1.966
23.21	1.5733	1.4643	55.78	2.6	0.07	5.16	5.07	0.185	-1.688
22.63	1.5398	1.5527	55.36	2.61	0.08	5.33	5.93	0.2	-1.609
28.18	1.5544	1.6044	54.67	2.62	0.07	5.11	5.73	0.125	-2.08
27.93	1.5797	1.5005	54.08	2.64	0.06	4.87	4.07	0.099	-2.313
25.7	1.6312	1.9848	53.58	2.65	0.05	5.34	3.93	0.108	-2.224
